(1,2)
(1,3)
(1,4)
(1,5)
(1,6)
(1,7)
(1,8)
(1,9)
(11,12)
(12,13)
(12,14)
(12,15)
(12,16)
(12,17)
(12,18)
(12,19)
(12,20)
(12,21)
(12,22)
(12,23)
(12,24)
(12,25)
(12,26)
(27,28)
(27,29)
(27,30)
(27,31)
(27,32)
(28,29)
(33,34)
(37,38)
(37,39)
(38,39)
(38,40)
(38,41)
(38,42)
(39,40)
(39,41)
(39,42)
(40,41)
(40,42)
(41,42)
(42,43)
(44,45)
(44,46)
(44,47)
(48,49)
(48,17)
(48,50)
(48,51)
(48,52)
(49,17)
(49,50)
(49,53)
(49,51)
(49,52)
(17,50)
(17,51)
(17,54)
(17,55)
(17,56)
(17,57)
(17,16)
(17,18)
(17,58)
(50,51)
(50,59)
(50,60)
(50,61)
(67,68)
(67,69)
(67,70)
(67,71)
(51,59)
(51,60)
(51,61)
(73,74)
(73,75)
(73,76)
(73,77)
(73,78)
(30,31)
(79,80)
(81,82)
(81,83)
(85,86)
(86,20)
(86,87)
(86,88)
(86,89)
(86,90)
(86,91)
(92,4)
(4,5)
(4,8)
(4,9)
(20,87)
(20,88)
(20,89)
(20,19)
(87,88)
(87,89)
(88,89)
(93,94)
(93,95)
(93,96)
(93,97)
(98,99)
(98,100)
(102,103)
(54,105)
(54,106)
(54,107)
(54,108)
(54,109)
(54,110)
(54,111)
(54,112)
(54,113)
(54,114)
(54,115)
(116,117)
(118,119)
(118,120)
(122,123)
(120,119)
(120,125)
(128,129)
(130,131)
(130,132)
(131,132)
(136,137)
(55,56)
(140,141)
(141,142)
(141,143)
(141,144)
(141,145)
(141,146)
(141,147)
(148,149)
(150,151)
(150,152)
(150,153)
(150,154)
(151,152)
(151,153)
(151,154)
(152,153)
(152,154)
(152,155)
(153,154)
(108,109)
(114,113)
(114,115)
(156,157)
(159,160)
(94,95)
(163,164)
(163,165)
(166,167)
(166,168)
(167,169)
(167,168)
(167,170)
(167,171)
(167,172)
(167,173)
(167,174)
(178,179)
(178,180)
(179,180)
(181,182)
(181,183)
(182,183)
(184,185)
(184,186)
(185,186)
(186,187)
(186,188)
(186,189)
(186,190)
(187,188)
(188,191)
(188,192)
(188,193)
(188,194)
(189,190)
(196,197)
(198,199)
(198,200)
(198,201)
(198,202)
(198,203)
(199,200)
(199,201)
(199,202)
(199,203)
(201,202)
(201,203)
(202,203)
(202,204)
(142,143)
(207,208)
(83,82)
(211,212)
(211,71)
(212,71)
(71,68)
(71,69)
(71,70)
(213,214)
(216,217)
(217,218)
(219,164)
(219,220)
(164,220)
(164,165)
(164,208)
(164,221)
(68,69)
(68,70)
(69,70)
(13,14)
(13,15)
(14,15)
(222,223)
(222,224)
(222,225)
(223,224)
(223,225)
(224,225)
(110,111)
(16,18)
(18,58)
(59,60)
(59,61)
(59,226)
(60,61)
(229,230)
(229,231)
(230,231)
(232,233)
(232,234)
(236,237)
(238,239)
(240,241)
(240,242)
(241,242)
(244,245)
(244,246)
(245,246)
(45,46)
(251,252)
(253,254)
(253,255)
(254,255)
(113,115)
(144,145)
(145,146)
(74,75)
(74,76)
(74,77)
(74,78)
(75,76)
(75,77)
(75,78)
(76,77)
(76,78)
(77,78)
(258,259)
(258,260)
(258,261)
(259,260)
(259,261)
(260,261)
(262,263)
(262,264)
(262,265)
(263,264)
(263,265)
(264,265)
(266,267)
(266,268)
(267,268)
(269,270)
(272,273)
(21,22)
(276,277)
(276,278)
(276,279)
(281,282)
(281,283)
(282,283)
(285,286)
(287,288)
(289,290)
(23,24)
(23,25)
(24,25)
(233,234)
(172,173)
(172,174)
(173,174)
(294,295)
(294,296)
(295,296)
(191,192)
(193,194)
(303,304)
(304,305)
(313,314)
(315,316)
(317,318)
(8,9)
(319,320)
(283,322)
(283,323)
(84,322)
(84,323)
(84,324)
(84,325)
(84,326)
(281,322)
(281,323)
(322,323)
(323,327)
(323,326)
(323,328)
(323,329)
(323,330)
(331,332)
(331,333)
(331,334)
(331,335)
(331,336)
(331,337)
(331,338)
(331,339)
(331,340)
(58,332)
(58,333)
(58,334)
(58,335)
(58,336)
(341,342)
(341,343)
(341,344)
(341,345)
(341,346)
(342,343)
(342,344)
(342,345)
(342,346)
(343,344)
(343,345)
(343,346)
(344,345)
(344,346)
(345,346)
(347,348)
(347,349)
(347,350)
(347,351)
(347,352)
(347,353)
(347,354)
(347,355)
(347,356)
(348,349)
(348,350)
(348,351)
(348,352)
(348,353)
(348,354)
(348,355)
(348,356)
(348,357)
(348,358)
(348,330)
(348,359)
(349,350)
(349,351)
(349,352)
(350,351)
(350,352)
(351,352)
(353,354)
(353,355)
(353,356)
(354,355)
(354,356)
(355,356)
(363,364)
(363,365)
(363,366)
(363,367)
(363,368)
(370,371)
(370,372)
(370,373)
(370,374)
(370,337)
(370,375)
(371,372)
(371,373)
(371,374)
(371,337)
(371,375)
(372,373)
(372,374)
(372,337)
(372,375)
(373,374)
(373,337)
(373,375)
(374,337)
(374,375)
(337,375)
(337,338)
(337,339)
(337,340)
(357,358)
(357,330)
(357,359)
(358,330)
(358,359)
(330,327)
(330,326)
(330,328)
(330,329)
(376,377)
(376,378)
(377,378)
(379,380)
(379,381)
(379,382)
(379,383)
(379,384)
(379,385)
(380,381)
(380,386)
(382,383)
(225,387)
(225,388)
(225,389)
(225,390)
(225,391)
(225,392)
(225,393)
(387,388)
(387,389)
(388,389)
(394,395)
(394,396)
(395,396)
(397,398)
(332,333)
(399,400)
(399,401)
(399,402)
(399,403)
(399,404)
(400,401)
(400,402)
(400,403)
(400,404)
(401,402)
(401,403)
(401,404)
(402,403)
(402,404)
(403,404)
(405,406)
(405,407)
(405,408)
(406,407)
(406,408)
(407,408)
(179,409)
(410,411)
(410,412)
(410,413)
(410,414)
(411,412)
(411,413)
(411,414)
(412,413)
(412,414)
(413,414)
(415,416)
(415,417)
(415,338)
(415,418)
(416,417)
(416,338)
(416,418)
(334,335)
(334,336)
(335,336)
(338,418)
(338,339)
(338,340)
(384,385)
(419,420)
(419,421)
(419,422)
(419,423)
(420,421)
(420,422)
(420,423)
(365,366)
(365,367)
(365,368)
(366,367)
(366,368)
(367,368)
(424,425)
(424,426)
(424,427)
(424,428)
(424,429)
(424,430)
(425,426)
(425,427)
(425,428)
(425,429)
(425,430)
(426,427)
(426,428)
(426,429)
(426,430)
(427,428)
(427,429)
(427,430)
(428,429)
(428,430)
(429,430)
(390,391)
(390,392)
(390,393)
(391,392)
(391,393)
(392,393)
(431,432)
(431,433)
(432,433)
(327,326)
(327,328)
(327,329)
(326,328)
(326,329)
(326,324)
(326,325)
(328,329)
(434,435)
(422,423)
(324,325)
(339,340)
(436,437)
(436,438)
(436,439)
(436,440)
(437,438)
(437,439)
(437,440)
(438,439)
(438,440)
(439,440)
