(1,2)
(1,3)
(1,4)
(1,5)
(1,6)
(1,7)
(1,8)
(1,9)
(11,12)
(12,13)
(12,14)
(12,15)
(12,16)
(12,17)
(12,18)
(12,19)
(12,20)
(12,21)
(12,22)
(12,23)
(12,24)
(12,25)
(12,26)
(12,27)
(12,28)
(12,29)
(12,30)
(12,31)
(12,32)
(12,33)
(12,34)
(12,35)
(12,36)
(12,37)
(12,38)
(12,39)
(12,40)
(12,41)
(12,42)
(43,44)
(43,45)
(43,46)
(43,47)
(43,48)
(44,45)
(49,50)
(53,54)
(53,55)
(54,55)
(54,56)
(54,57)
(54,58)
(55,56)
(55,57)
(55,58)
(56,57)
(56,58)
(57,58)
(58,59)
(60,61)
(60,62)
(60,63)
(64,65)
(64,24)
(64,66)
(64,67)
(64,68)
(65,24)
(65,66)
(65,69)
(65,67)
(65,68)
(24,66)
(24,67)
(24,70)
(24,71)
(24,72)
(24,73)
(24,23)
(24,25)
(24,74)
(66,67)
(66,75)
(66,76)
(66,77)
(78,79)
(83,84)
(83,85)
(83,86)
(83,87)
(83,88)
(89,90)
(89,91)
(89,92)
(89,93)
(67,75)
(67,76)
(67,77)
(67,95)
(67,96)
(67,97)
(67,98)
(67,99)
(67,100)
(101,102)
(101,98)
(101,103)
(101,104)
(101,105)
(101,106)
(101,107)
(101,108)
(46,47)
(109,110)
(111,112)
(111,113)
(111,114)
(111,115)
(116,117)
(116,118)
(116,119)
(116,120)
(116,121)
(116,122)
(116,123)
(124,4)
(4,5)
(4,8)
(4,9)
(4,74)
(4,125)
(4,126)
(4,127)
(4,128)
(4,129)
(4,130)
(4,131)
(4,132)
(4,133)
(14,15)
(14,16)
(14,17)
(14,26)
(15,16)
(15,17)
(16,17)
(134,135)
(134,136)
(134,137)
(134,138)
(139,140)
(139,141)
(143,144)
(70,146)
(70,147)
(70,148)
(70,149)
(70,150)
(70,151)
(70,152)
(70,153)
(70,154)
(70,155)
(70,156)
(115,157)
(115,158)
(115,159)
(115,160)
(115,161)
(115,162)
(163,164)
(163,165)
(167,168)
(165,164)
(165,170)
(18,40)
(18,41)
(18,42)
(173,174)
(175,176)
(175,177)
(176,177)
(180,181)
(180,182)
(184,185)
(71,72)
(188,189)
(189,190)
(189,191)
(189,192)
(189,119)
(189,193)
(189,194)
(195,196)
(196,197)
(198,199)
(198,200)
(198,201)
(198,202)
(199,200)
(199,201)
(199,202)
(200,201)
(200,202)
(200,203)
(201,202)
(149,150)
(155,154)
(155,156)
(204,205)
(207,208)
(209,210)
(209,211)
(135,136)
(160,161)
(213,214)
(213,215)
(214,216)
(214,215)
(214,217)
(214,218)
(214,219)
(214,220)
(214,221)
(226,227)
(226,228)
(227,228)
(227,229)
(181,182)
(230,231)
(230,210)
(231,210)
(210,211)
(210,232)
(210,233)
(211,234)
(211,235)
(211,236)
(211,237)
(232,233)
(239,240)
(241,242)
(241,243)
(241,244)
(241,245)
(241,246)
(242,243)
(242,244)
(242,245)
(242,246)
(244,245)
(244,246)
(245,246)
(245,247)
(190,191)
(113,112)
(252,253)
(252,93)
(253,93)
(93,90)
(93,91)
(93,92)
(254,255)
(257,258)
(258,259)
(158,159)
(90,91)
(90,92)
(91,92)
(20,21)
(20,22)
(21,22)
(21,28)
(21,29)
(260,261)
(260,262)
(260,263)
(261,262)
(261,263)
(262,263)
(263,264)
(263,265)
(263,266)
(263,267)
(263,268)
(263,269)
(263,270)
(151,152)
(23,25)
(23,27)
(25,74)
(74,125)
(74,126)
(74,127)
(74,128)
(74,129)
(75,76)
(75,77)
(75,271)
(76,77)
(76,97)
(76,98)
(274,275)
(274,276)
(275,276)
(277,278)
(277,279)
(281,282)
(283,284)
(285,286)
(285,287)
(286,287)
(289,290)
(289,291)
(290,291)
(61,62)
(296,297)
(298,299)
(298,300)
(299,300)
(154,156)
(192,119)
(119,193)
(119,117)
(119,118)
(119,120)
(102,98)
(102,103)
(102,104)
(102,105)
(98,103)
(98,104)
(98,105)
(98,97)
(103,104)
(103,105)
(104,105)
(303,304)
(303,305)
(303,306)
(304,305)
(304,306)
(305,306)
(307,308)
(307,309)
(307,310)
(308,309)
(308,310)
(309,310)
(311,312)
(311,313)
(312,313)
(314,315)
(317,318)
(321,322)
(321,323)
(321,324)
(118,326)
(118,117)
(118,120)
(326,117)
(117,120)
(328,329)
(330,331)
(332,333)
(28,29)
(278,279)
(219,220)
(219,221)
(220,221)
(337,338)
(337,339)
(337,340)
(337,341)
(337,342)
(338,339)
(338,340)
(338,341)
(338,342)
(339,340)
(339,341)
(339,342)
(340,341)
(340,342)
(341,342)
(234,235)
(236,237)
(349,350)
(350,351)
(359,360)
(361,362)
(363,364)
(8,9)
(365,366)
(120,367)
(120,123)
(120,368)
(120,369)
(120,41)
(370,371)
(370,372)
(370,373)
(370,374)
(370,375)
(371,372)
(371,373)
(371,374)
(371,375)
(372,373)
(372,374)
(372,375)
(373,374)
(373,375)
(374,375)
(31,32)
(31,33)
(31,34)
(31,35)
(31,36)
(31,37)
(31,38)
(31,39)
(32,33)
(32,34)
(32,35)
(33,34)
(33,35)
(34,35)
(36,37)
(36,38)
(36,39)
(37,38)
(37,39)
(38,39)
(379,380)
(379,381)
(379,382)
(379,383)
(379,384)
(386,387)
(386,388)
(386,389)
(386,390)
(386,130)
(386,391)
(387,388)
(387,389)
(387,390)
(387,130)
(387,391)
(388,389)
(388,390)
(388,130)
(388,391)
(389,390)
(389,130)
(389,391)
(390,130)
(390,391)
(130,391)
(130,131)
(130,132)
(130,133)
(40,41)
(40,42)
(41,367)
(41,123)
(41,368)
(41,369)
(392,393)
(392,394)
(393,394)
(95,96)
(95,395)
(264,265)
(264,266)
(265,266)
(396,397)
(396,398)
(397,398)
(125,126)
(84,85)
(84,86)
(84,87)
(84,88)
(85,86)
(85,87)
(85,88)
(86,87)
(86,88)
(87,88)
(399,400)
(399,401)
(399,402)
(400,401)
(400,402)
(401,402)
(403,404)
(403,405)
(403,406)
(403,407)
(404,405)
(404,406)
(404,407)
(405,406)
(405,407)
(406,407)
(106,107)
(106,108)
(106,131)
(106,408)
(107,108)
(107,131)
(107,408)
(127,128)
(127,129)
(128,129)
(131,408)
(131,132)
(131,133)
(99,100)
(409,410)
(409,411)
(409,412)
(409,413)
(410,411)
(410,412)
(410,413)
(381,382)
(381,383)
(381,384)
(382,383)
(382,384)
(383,384)
(414,415)
(414,416)
(414,417)
(414,418)
(414,419)
(414,420)
(415,416)
(415,417)
(415,418)
(415,419)
(415,420)
(416,417)
(416,418)
(416,419)
(416,420)
(417,418)
(417,419)
(417,420)
(418,419)
(418,420)
(419,420)
(267,268)
(267,269)
(267,270)
(268,269)
(268,270)
(269,270)
(421,422)
(421,423)
(422,423)
(367,123)
(367,368)
(367,369)
(123,368)
(123,369)
(123,121)
(123,122)
(368,369)
(424,425)
(412,413)
(121,122)
(132,133)
(426,427)
(426,428)
(426,429)
(426,430)
(427,428)
(427,429)
(427,430)
(428,429)
(428,430)
(429,430)
